 --- Hash Table Z --- (quard hashing)
[  0]
[  1]	1	  10520140	     ¾GO©s	67.17
[  2]	2	  10527105	     ©PO¨È	80.67
[  3]	3	  10527118	     »¯O§±	82.17
[  4]
[  5]
[  6]	6	  10527146	     ÁúOªY	65.83
[  7]
[  8]
[  9]
[ 10]
[ 11]	11	  10527109	     ­SO»¨	 67.5
[ 12]	12	  10527102	     ¼BO§Ê	   74
[ 13]	13	  10520113	     ³¢O¥¿	 78.5
[ 14]	14	  10527128	     ³¯OÞ³	 83.5
[ 15]
[ 16]	16	  10527115	     °KO¿³	77.83
[ 17]
[ 18]
[ 19]	19	  10520120	     §dOªl	78.17
[ 20]
[ 21]	21	  10527106	     ¶ÀO­õ	74.33
[ 22]
[ 23]
[ 24]
[ 25]	25	  10527138	     ¤ýO·s	   76
[ 26]
[ 27]
[ 28]	28	  10527134	     ÁéO¿Ý	86.67
[ 29]	29	  10527112	     ©POÂE	72.67
[ 30]	30	  10527125	     ¿cOÀM	 72.5
[ 31]	31	  10527129	     ³¯O¦|	70.67
[ 32]
[ 33]
[ 34]
[ 35]
[ 36]	36	  10427113	     ÁÂO³Í	   88
[ 37]
[ 38]
[ 39]
[ 40]	40	  10527107	     ³\O´ü	 82.5
[ 41]	41	  10527139	     ¶ÀO¤¯	81.67
[ 42]
[ 43]	43	  10527144	     ©POÝG	85.67
[ 44]	44	  10527135	     ±iO´Ü	75.83
[ 45]
[ 46]
[ 47]	47	  10527113	     §õOÀs	74.17
[ 48]
[ 49]
[ 50]	50	  10520119	     ¶ÀOªl	78.33
[ 51]	51	  10527149	     ³¯Oºú	68.33
[ 52]	52	  10527117	     ªLO¸R	 75.5
[ 53]
[ 54]
[ 55]
[ 56]
[ 57]
[ 58]	58	  10527145	     ·¨OÀM	77.67
[ 59]	59	  10527108	     Â²O­õ	 74.5
[ 60]	60	  10527101	     §ùO¤_	   91
[ 61]
[ 62]
[ 63]	63	  10527123	     §fO¿A	83.17
[ 64]	64	  10527127	     §dOÞ³	76.83
[ 65]	65	  10527114	     ³¢O§ø	81.17
[ 66]
